# iterator, reward, timestamp 
1,74.87823565800986,1568572950.2922392
2,74.85707600911458,1568572954.3980095
3,96.1910883585612,1568572960.5075433
4,97.37253189086914,1568572961.5097895
5,24.137179056803387,1568572965.614598
6,25.804599126180012,1568572966.616229
7,26.536186536153156,1568572967.6170995
8,26.534159978230793,1568572968.6182008
9,25.380571683247883,1568572969.62007
10,24.393876393636067,1568572970.6201963
11,24.63861306508382,1568572971.621627
12,24.732232093811035,1568572972.6233344
13,19.85045274098714,1568572973.623961
14,23.856123288472492,1568572974.6257539
15,23.99742603302002,1568572975.627268
16,92.19543139139812,1568572979.733925
17,92.88422266642253,1568572980.7350469
18,96.85226281483968,1568572981.7367783
19,21.240592002868652,1568572985.8457894
20,93.72150897979736,1568572990.956373
21,23.312727610270183,1568572995.063672
22,96.30819161732991,1568573003.1744006
23,26.023189226786297,1568573007.2812536
24,94.50860818227132,1568573011.3898687
25,24.479111035664875,1568573015.4978967
26,104.16090488433838,1568573019.6053715
27,103.35171222686768,1568573020.6057541
28,102.77211666107178,1568573021.6072326
29,21.390914916992188,1568573025.7131395
30,101.64308547973633,1568573029.821359
31,21.12448215484619,1568573033.9294782
32,23.017684618632,1568573034.9314854
33,23.828426996866863,1568573035.9331117
34,20.426432291666668,1568573036.9342299
35,24.177829424540203,1568573037.9365923
36,21.086653073628742,1568573038.9387922
37,23.482243220011394,1568573039.9397054
38,21.81549866994222,1568573040.9411929
39,24.627168973286945,1568573041.9425826
40,23.598074913024902,1568573042.9442837
41,23.286938667297363,1568573043.9452415
42,23.866693178812664,1568573044.9465544
43,23.927489916483562,1568573045.9483912
44,23.631930351257324,1568573046.9496417
45,23.517290751139324,1568573047.9507904
46,24.17445182800293,1568573048.9528093
47,24.987339973449707,1568573049.9540493
48,21.616458892822266,1568573050.9563007
49,24.98447895050049,1568573051.9570127
50,26.148517926534016,1568573052.9588552
51,24.20024077097575,1568573053.9606466
52,25.217413902282715,1568573054.9611585
53,23.986419041951496,1568573055.962673
54,24.188876152038574,1568573056.964206
55,25.302767753601074,1568573057.9650729
56,25.47168731689453,1568573058.966596
57,25.02739429473877,1568573059.9679992
58,24.531245231628418,1568573060.969267
59,20.690004030863445,1568573061.9710422
60,24.664560953776043,1568573062.9722116
61,23.16594123840332,1568573063.9741006
62,23.728291193644207,1568573064.974822
63,24.553894996643066,1568573065.9766924
64,24.33021863301595,1568573066.9780986
65,23.959120114644367,1568573067.9792988
66,23.50195248921712,1568573068.9813304
67,23.72598648071289,1568573069.9827805
68,26.017387708028156,1568573070.9843159
69,21.276990572611492,1568573071.9857795
70,24.838964144388836,1568573072.9879634
71,24.710218111673992,1568573073.9892585
72,24.28567409515381,1568573074.9900694
73,24.87023671468099,1568573075.9913538
74,23.834864298502605,1568573076.9929633
75,25.76438585917155,1568573077.9948127
76,28.99320920308431,1568573078.9957285
77,24.379769961039226,1568573079.9972088
78,25.28548240661621,1568573080.9981086
79,23.513237635294598,1568573081.9997654
80,24.29310480753581,1568573083.0012298
81,24.103442827860516,1568573084.0025494
82,22.023598353068035,1568573085.004786
83,25.095065434773762,1568573086.0063412
84,25.546034177144367,1568573087.0077057
85,24.963100751241047,1568573088.0084767
86,26.145140329996746,1568573089.0098248
87,23.35679531097412,1568573090.011052
88,26.428500811258953,1568573091.012838
89,23.76886208852132,1568573092.0147674
90,22.571762402852375,1568573093.0164285
91,24.525801340738933,1568573094.017776
92,25.600671768188477,1568573095.0190287
93,24.86113707224528,1568573096.0208187
94,25.095582008361816,1568573097.0226178
95,23.79767100016276,1568573098.0238702
96,23.619929949442547,1568573099.0254428
97,24.88545576731364,1568573100.0276484
98,23.748358090718586,1568573101.0332823
99,23.198962211608887,1568573102.0309408
100,25.854984919230144,1568573103.0322425
101,25.36475658416748,1568573104.0337195
102,24.851123491923016,1568573105.0350845
103,25.63973267873128,1568573106.036353
104,25.089383125305176,1568573107.0379133
105,24.99500910441081,1568573108.0393202
106,25.29744307200114,1568573109.0391924
107,24.204492568969727,1568573110.0413153
108,24.23858642578125,1568573111.042791
109,24.25726254781087,1568573112.0437164
110,22.124965985616047,1568573113.0449767
111,24.59994951883952,1568573114.0469496
112,24.110714594523113,1568573115.0480075
113,23.164749145507812,1568573116.0496786
114,24.834752082824707,1568573117.0514274
115,25.635123252868652,1568573118.0529175
116,24.236758550008137,1568573119.0540197
117,23.61134688059489,1568573120.0554202
118,23.293375968933105,1568573121.0563147
119,21.622697512308758,1568573122.0574982
120,23.783047993977863,1568573123.059139
121,25.188883145650227,1568573124.0605438
122,24.907390276590984,1568573125.062137
123,24.18963114420573,1568573126.063696
124,24.06299114227295,1568573127.0647829
125,24.522900581359863,1568573128.0656755
126,23.92856280008952,1568573129.0669699
127,23.856520652770996,1568573130.0684295
128,24.3376890818278,1568573131.069541
129,25.820414225260418,1568573132.0714788
130,28.066237767537434,1568573133.0727146
131,26.495695114135742,1568573134.073952
132,27.311841646830242,1568573135.07627
133,26.295185089111328,1568573136.077131
134,26.80349349975586,1568573137.0790763
135,25.808095932006836,1568573138.080088
136,26.973366737365723,1568573139.0819569
137,27.467886606852215,1568573140.0834663
138,25.324304898579914,1568573141.0849009
139,26.02517604827881,1568573142.086295
140,25.26525656382243,1568573143.087637
141,25.201797485351562,1568573144.0891707
142,24.796247482299805,1568573145.0910091
143,24.955908457438152,1568573146.092882
144,27.474006017049152,1568573147.093716
145,23.848613103230793,1568573148.095019
146,24.13626511891683,1568573149.0965364
147,24.135708808898926,1568573150.0977464
148,24.385889371236164,1568573151.099545
149,22.029558817545574,1568573152.100698
150,23.606419563293457,1568573153.10211
151,23.839354515075684,1568573154.1035182
152,24.043480555216473,1568573155.1048508
153,24.294535319010418,1568573156.1057098
154,24.227460225423176,1568573157.107797
155,24.510542551676433,1568573158.1089861
156,23.34419886271159,1568573159.1102579
157,24.33923880259196,1568573160.112994
158,25.203744570414226,1568573161.1136951
159,24.527510007222492,1568573162.1154013
160,24.089733759562176,1568573163.1166332
161,25.740623474121094,1568573164.117421
162,24.744272232055664,1568573165.1190238
163,23.357272148132324,1568573166.1204453
164,25.800784428914387,1568573167.1219187
165,25.813500086466473,1568573168.12354
166,22.832393646240234,1568573169.1248586
167,25.16027291615804,1568573170.1276624
168,31.64835770924886,1568573171.127576
169,24.817943572998047,1568573172.128973
170,24.88867441813151,1568573173.1305337
171,25.407274564107258,1568573174.1323006
172,25.578896204630535,1568573175.1337874
173,23.232261339823406,1568573176.1355116
174,22.209803263346355,1568573177.136919
175,24.694363276163738,1568573178.138366
176,25.335947672526043,1568573179.139785
177,24.614493052164715,1568573180.1410458
178,24.640321731567383,1568573181.1422627
179,25.05640188852946,1568573182.1439388
180,25.866111119588215,1568573183.1453016
181,25.958458582560223,1568573184.1467617
182,25.101105372111004,1568573185.1484835
183,25.002121925354004,1568573186.1495564
184,24.631539980570476,1568573187.1513054
185,25.96743901570638,1568573188.1526828
186,25.365273157755535,1568573189.154665
187,26.377280553181965,1568573190.1550486
188,23.91962210337321,1568573191.156842
189,24.15776252746582,1568573192.1579072
190,25.917689005533855,1568573193.1589446
191,23.75805377960205,1568573194.1604216
192,24.42483107248942,1568573195.1621995
193,24.00163809458415,1568573196.1624215
194,24.970372517903645,1568573197.1639266
195,23.635586102803547,1568573198.1657233
196,24.45816993713379,1568573199.167096
197,24.33602015177409,1568573200.169387
198,23.30176035563151,1568573201.1704998
199,24.677832921346027,1568573202.1718512
200,23.873051007588703,1568573203.1733732
201,24.750272432963055,1568573204.1743982
202,23.60423405965169,1568573205.1766427
203,26.490132013956707,1568573206.1779666
204,24.683594703674316,1568573207.1796238
205,25.071461995442707,1568573208.1806352
206,24.765968322753906,1568573209.1823914
207,25.01678466796875,1568573210.1898432
208,26.267647743225098,1568573211.184689
209,26.730815569559734,1568573212.1865373
210,24.83654022216797,1568573213.1880815
211,25.248169898986816,1568573214.1892796
212,23.99762471516927,1568573215.190361
213,23.603638013203938,1568573216.1917894
214,23.090084393819172,1568573217.1935596
215,26.23109022776286,1568573218.1945262
216,22.81375726064046,1568573219.19675
217,23.383696873982746,1568573220.1975434
218,25.752663612365723,1568573221.1996036
219,24.78925387064616,1568573222.2020464
220,26.062369346618652,1568573223.2031057
221,24.675369262695312,1568573224.2042902
222,24.826685587565105,1568573225.2055058
223,24.469852447509766,1568573226.2074118
224,24.155219395955402,1568573227.207663
225,24.31480089823405,1568573228.2086928
226,24.838725725809734,1568573229.2095718
227,25.665958722432453,1568573230.2108526
228,26.156385739644367,1568573231.2118611
229,25.763750076293945,1568573232.213335
230,26.922027269999187,1568573233.2141871
231,25.88784694671631,1568573234.2161345
232,24.985512097676594,1568573235.2171807
233,25.350491205851238,1568573236.2182035
234,24.79402224222819,1568573237.220243
235,25.66226323445638,1568573238.2213988
236,24.830142656962078,1568573239.2226446
237,26.108384132385254,1568573240.2245703
238,24.310509363810223,1568573241.2262304
239,23.031989733378094,1568573242.2279956
240,20.573655764261883,1568573243.2290661
241,21.083513895670574,1568573244.2297604
242,21.55466874440511,1568573245.2310932
243,22.806564966837566,1568573246.233251
244,23.437976837158203,1568573247.233703
245,20.39480209350586,1568573248.2347734
246,22.7969487508138,1568573249.2356877
247,20.82502841949463,1568573250.2369182
248,24.55306053161621,1568573251.2382796
249,25.321443875630695,1568573252.23986
250,19.339124361673992,1568573253.2407746
251,23.163477579752605,1568573254.2423599
252,23.374756177266438,1568573255.2435482
253,25.46815077463786,1568573256.245034
254,25.066852569580078,1568573257.2462294
255,21.761139233907063,1568573258.2487392
256,14.046947161356607,1568573259.2487419
257,22.078831990559895,1568573260.2509663
258,24.056116739908855,1568573261.2521942
259,23.31701914469401,1568573262.2543302
260,21.683891614278156,1568573263.255734
261,23.895859718322754,1568573264.2564971
262,22.68977959950765,1568573265.2586493
263,23.877620697021484,1568573266.259433
264,19.492626190185547,1568573267.2608786
265,21.32876714070638,1568573268.2627554
266,22.320985794067383,1568573269.2639096
267,24.30268128712972,1568573270.265292
268,26.779929796854656,1568573271.2665586
269,25.739431381225586,1568573272.2670057
270,32.034873962402344,1568573273.2678862
271,28.114914894104004,1568573274.2696297
272,27.631282806396484,1568573275.2704906
273,29.73826726277669,1568573276.2722383
274,29.617985089619953,1568573277.273456
275,27.36516793568929,1568573278.2747004
276,28.69582176208496,1568573279.2752144
277,27.468522389729817,1568573280.2774677
278,28.167208035786945,1568573281.2796469
279,22.124648094177246,1568573282.2810411
280,25.858283042907715,1568573283.2828074
281,27.595877647399902,1568573284.2846549
282,25.270859400431316,1568573285.285125
283,25.664607683817547,1568573286.286766
284,27.48847007751465,1568573287.290136
285,27.24464734395345,1568573288.2892284
286,26.91328525543213,1568573289.2909713
287,25.035381317138672,1568573290.2916615
288,25.053103764851887,1568573291.293691
289,26.679595311482746,1568573292.2979705
290,27.391473452250164,1568573293.2980938
291,24.230400721232098,1568573294.2991154
292,28.809507687886555,1568573295.2998738
293,23.984273274739582,1568573296.3012156
294,26.732405026753742,1568573297.3033056
295,23.9944855372111,1568573298.3040843
296,26.986201604207356,1568573299.305477
297,28.02455425262451,1568573300.3072655
298,25.043169657389324,1568573301.308565
299,25.05811055501302,1568573302.3097687
300,23.905356725056965,1568573303.3110256
301,27.065555254618328,1568573304.312658
302,26.24658743540446,1568573305.3144376
303,26.27865473429362,1568573306.3154929
304,26.476740837097168,1568573307.3163157
305,27.14061737060547,1568573308.3178425
306,27.184049288431805,1568573309.3196366
307,26.331583658854168,1568573310.3208501
308,26.140928268432617,1568573311.3218832
309,26.64792537689209,1568573312.3237786
310,27.963558832804363,1568573313.324571
311,28.089324633280437,1568573314.3256035
312,27.222514152526855,1568573315.327285
313,25.966684023539226,1568573316.3288062
314,27.57128079732259,1568573317.3304763
315,22.474209467569988,1568573318.331639
316,24.484833081563313,1568573319.3331237
317,25.086283683776855,1568573320.334658
318,23.714423179626465,1568573321.3361378
319,27.594486872355144,1568573322.3378673
320,25.75687567392985,1568573323.3387833
321,24.00473753611247,1568573324.339184
322,26.386459668477375,1568573325.340602
323,28.623024622599285,1568573326.3418097
324,27.492602666219074,1568573327.3431623
325,28.715968132019043,1568573328.3440766
326,24.797638257344563,1568573329.3460011
327,26.333928108215332,1568573330.3474731
328,26.749173800150555,1568573331.34905
329,25.876084963480633,1568573332.3503237
330,27.060667673746746,1568573333.3509996
331,23.96849791208903,1568573334.3527167
332,25.15856424967448,1568573335.353959
333,29.218117396036785,1568573336.3552594
334,26.57763163248698,1568573337.3568182
335,103.81102561950684,1568573341.4632592
336,26.539285977681477,1568573345.5703652
337,24.821917215983074,1568573346.5726888
338,27.513504028320312,1568573347.5736036
339,26.54413382212321,1568573348.5747964
340,27.793208758036297,1568573349.5756454
341,23.051102956136067,1568573350.5775688
342,26.58085028330485,1568573351.5799298
343,26.661276817321777,1568573352.581045
344,26.600003242492676,1568573353.582423
345,27.214805285135906,1568573354.583704
346,25.78314145406087,1568573355.5854344
347,26.210467020670574,1568573356.58791
348,25.88176727294922,1568573357.5883536
349,26.276906331380207,1568573358.589675
350,28.51736545562744,1568573359.5909114
351,25.841116905212402,1568573360.5923445
352,26.313583056132,1568573361.594353
353,26.50900681813558,1568573362.5958123
354,25.91518561045329,1568573363.5974467
355,26.090582211812336,1568573364.5982296
356,26.912569999694824,1568573365.5996714
357,26.410619417826336,1568573366.601305
358,27.161240577697754,1568573367.6028252
359,27.615785598754883,1568573368.6045973
360,27.352094650268555,1568573369.6058512
361,24.792949358622234,1568573370.6074936
362,26.27110481262207,1568573371.6087968
363,27.23232905069987,1568573372.6110513
364,27.326663335164387,1568573373.6123822
365,26.0390837987264,1568573374.6142414
366,27.53750483194987,1568573375.615538
367,26.596546173095703,1568573376.616902
368,27.15166409810384,1568573377.6186197
369,27.41507689158122,1568573378.6203969
370,27.675549189249676,1568573379.621477
371,24.872541427612305,1568573380.6227999
372,25.58592955271403,1568573381.6237426
373,24.896621704101562,1568573382.6256423
374,26.586254437764484,1568573383.626912
375,27.237415313720703,1568573384.628555
376,27.203996976216633,1568573385.6305127
377,27.36341953277588,1568573386.632257
378,25.905132293701172,1568573387.6339264
379,26.488304138183594,1568573388.635141
380,26.494463284810383,1568573389.6369472
381,26.964704195658367,1568573390.637972
382,31.464695930480957,1568573391.6397605
383,27.54529317220052,1568573392.6412413
384,27.959624926249187,1568573393.6425
385,26.235063870747883,1568573394.6442986
386,25.97987651824951,1568573395.645975
387,27.827342351277668,1568573396.6475217
388,23.83919556935628,1568573397.6487634
389,26.6112486521403,1568573398.6493406
390,28.228600819905598,1568573399.65042
391,25.08099873860677,1568573400.6522012
392,25.99652608235677,1568573401.6535213
393,16.81200663248698,1568573402.6555011
394,26.075283686319988,1568573403.6569276
395,26.760975519816082,1568573404.6583295
396,22.543827692667644,1568573405.6599689
397,24.727265040079754,1568573406.6617808
398,26.5122652053833,1568573407.6627266
399,27.106841405232746,1568573408.6641796
400,24.50096607208252,1568573409.6656985
401,22.68218994140625,1568573410.6670775
402,23.261229197184246,1568573411.6679437
403,28.09321880340576,1568573412.669546
404,26.47852897644043,1568573413.670958
405,27.460694313049316,1568573414.6720195
406,25.1004695892334,1568573415.673374
407,27.450839678446453,1568573416.6749463
408,25.868972142537434,1568573417.676499
409,23.430148760477703,1568573418.6783812
410,26.142358779907227,1568573419.6797361
411,24.619023005167644,1568573420.680895
412,26.26327673594157,1568573421.6826408
413,26.221394538879395,1568573422.6848187
414,26.60103638966878,1568573423.6853914
415,24.945696194966633,1568573424.6868124
416,23.2011079788208,1568573425.688453
417,25.339643160502117,1568573426.689663
418,25.477290153503418,1568573427.6922214
419,24.465759595235188,1568573428.693596
420,27.124881744384766,1568573429.6947548
421,23.569266001383465,1568573430.696724
422,24.863839149475098,1568573431.6981955
423,25.049328804016113,1568573432.7000706
424,26.334285736083984,1568573433.701333
425,26.517709096272785,1568573434.7031183
426,26.643554369608562,1568573435.7042422
427,26.322563489278156,1568573436.7063577
428,27.187228202819824,1568573437.7076378
429,26.104291280110676,1568573438.7087219
430,27.920325597127277,1568573439.7104073
431,26.51373545328776,1568573440.7124095
432,26.496489842732746,1568573441.7134283
433,25.05822976430257,1568573442.7146869
434,27.34796206156413,1568573443.715841
435,24.986465771993,1568573444.7180603
436,26.642719904581707,1568573445.7192473
437,27.301232020060223,1568573446.720683
438,24.748841921488445,1568573447.7220118
439,26.214758555094402,1568573448.7236621
440,27.34820048014323,1568573449.7249212
441,28.124252955118816,1568573450.727077
442,27.283549308776855,1568573451.7275975
443,26.898701985677082,1568573452.7298954
444,28.4041961034139,1568573453.730294
445,27.125120162963867,1568573454.7316718
446,26.134371757507324,1568573455.7332187
447,24.72523848215739,1568573456.734675
448,26.065866152445476,1568573457.736543
449,26.70598030090332,1568573458.7378263
450,26.103854179382324,1568573459.7393408
451,25.999069213867188,1568573460.7403622
452,26.23585859934489,1568573461.7422504
453,27.332464853922527,1568573462.7437289
454,20.53411801656087,1568573463.7449853
455,22.28228251139323,1568573464.7453127
456,25.334596633911133,1568573465.7464287
457,26.865800221761067,1568573466.7477546
458,27.016878128051758,1568573467.7480195
459,23.195703824361164,1568573468.7493312
460,27.176300684611004,1568573469.751155
461,23.851315180460613,1568573470.7526996
462,26.625752449035645,1568573471.7539568
463,26.48794651031494,1568573472.7560484
464,25.850971539815266,1568573473.7568223
465,26.268959045410156,1568573474.7583652
466,24.76676305135091,1568573475.7597427
467,24.58639939626058,1568573476.7613082
468,26.67812506357829,1568573477.763646
469,26.696205139160156,1568573478.7648013
470,27.15301513671875,1568573479.7670267
471,26.502609252929688,1568573480.7683198
472,26.12765630086263,1568573481.7695122
473,26.53924624125163,1568573482.7715166
474,25.900602340698242,1568573483.771963
475,24.94815985361735,1568573484.7735739
476,26.447534561157227,1568573485.7750914
477,26.756008466084797,1568573486.7767909
478,24.676402409871418,1568573487.7783585
479,26.61283810933431,1568573488.7792072
480,27.287960052490234,1568573489.7805538
481,27.971506118774414,1568573490.782035
482,24.02683099110921,1568573491.783079
483,23.08368682861328,1568573492.7841492
484,26.88757578531901,1568573493.7857141
485,25.687336921691895,1568573494.7872028
486,26.289741198221844,1568573495.7888446
487,26.36897563934326,1568573496.7898166
488,28.28359603881836,1568573497.7920551
489,24.631659189860027,1568573498.7939858
490,24.2160161336263,1568573499.7950337
491,27.29364236195882,1568573500.7960231
492,25.555650393168133,1568573501.7969816
493,26.927669843037922,1568573502.7985682
494,24.855375289916992,1568573503.7999365
495,27.053276697794598,1568573504.8013809
496,24.9403715133667,1568573505.8022118
497,27.256091435750324,1568573506.8035493
498,28.041839599609375,1568573507.8049612
499,27.42489178975423,1568573508.8064132
500,28.33259105682373,1568573509.807772
501,26.642998059590656,1568573510.8087225
502,26.30138397216797,1568573511.8103075
503,26.661912600199383,1568573512.8115842
504,26.95016066233317,1568573513.8126993
505,27.747352917989094,1568573514.8132987
506,27.434428532918293,1568573515.8147626
507,27.756412823994953,1568573516.8168194
508,27.566393216451008,1568573517.817965
509,26.1386235555013,1568573518.8189158
510,26.92834536234538,1568573519.8202026
511,28.125286102294922,1568573520.821219
512,26.85836950937907,1568573521.8227677
513,27.261853218078613,1568573522.824402
514,26.590744654337566,1568573523.824633
515,27.50396728515625,1568573524.8256402
516,32.16290473937988,1568573525.827157
517,25.829037030537922,1568573526.8277142
518,26.596347490946453,1568573527.829476
519,28.646190961201984,1568573528.8298726
520,26.412407557169598,1568573529.8319204
521,25.82991123199463,1568573530.8334284
522,27.27178732554118,1568573531.8349857
523,26.813387870788574,1568573532.8367279
524,25.695045789082844,1568573533.837878
525,27.614951133728027,1568573534.8399298
526,26.509920756022137,1568573535.8417108
527,27.99038092295329,1568573536.8436916
528,28.02554766337077,1568573537.8451538
529,24.99842643737793,1568573538.847068
530,26.486873626708984,1568573539.8478866
531,27.965386708577473,1568573540.8495631
532,26.935497919718426,1568573541.8508384
533,27.257521947224934,1568573542.8524742
534,25.099833806355793,1568573543.8541129
535,27.43419011433919,1568573544.855405
536,27.544140815734863,1568573545.857109
537,26.981035868326824,1568573546.8583498
538,26.807864507039387,1568573547.8598776
539,27.106682459513348,1568573548.8612354
540,28.322736422220867,1568573549.8628256
541,27.21083164215088,1568573550.8641894
542,26.70474847157796,1568573551.8657115
543,28.24358145395915,1568573552.867378
544,26.54135227203369,1568573553.8684576
545,27.51302719116211,1568573554.8688092
546,27.95863151550293,1568573555.8703184
547,27.9388427734375,1568573556.8712714
548,28.637051582336426,1568573557.8722517
549,28.553128242492676,1568573558.873653
550,25.974035263061523,1568573559.874584
551,27.030587196350098,1568573560.878487
552,19.391377766927082,1568573561.8774188
553,28.118491172790527,1568573562.8776987
554,26.439785957336426,1568573563.8797388
555,27.476191520690918,1568573564.8811457
556,27.643680572509766,1568573565.8830178
557,28.25816472371419,1568573566.884481
558,26.59757932027181,1568573567.8859005
559,26.00574493408203,1568573568.8877037
560,26.29673480987549,1568573569.8890698
561,26.59153938293457,1568573570.8906894
562,27.041395505269367,1568573571.891692
563,27.690410614013672,1568573572.8932297
564,23.872653643290203,1568573573.8942783
565,26.742180188496906,1568573574.8953292
566,26.211261749267578,1568573575.897076
567,28.37240695953369,1568573576.8988364
568,25.78433354695638,1568573577.8994238
569,23.655811945597332,1568573578.9011416
570,27.221043904622395,1568573579.9023201
571,27.11037794748942,1568573580.9039288
572,26.10305945078532,1568573581.9050767
573,26.18261178334554,1568573582.905861
574,25.2532958984375,1568573583.9067996
575,27.234395345052082,1568573584.9087355
576,26.842276255289715,1568573585.9098048
577,26.96549892425537,1568573586.9119477
578,25.684714317321777,1568573587.9128745
579,27.007182439168293,1568573588.9139814
580,27.31633186340332,1568573589.9147286
581,26.52605374654134,1568573590.9159992
582,26.48782730102539,1568573591.9169822
583,26.371320088704426,1568573592.917928
584,27.770280838012695,1568573593.9193146
585,25.286078453063965,1568573594.921496
586,27.31200059254964,1568573595.9220965
587,27.497212092081707,1568573596.9236507
588,26.418248812357586,1568573597.9246671
589,26.264270146687824,1568573598.925788
590,26.60524845123291,1568573599.9275982
591,25.652448336283367,1568573600.9284875
592,27.348836263020832,1568573601.9306443
593,26.213526725769043,1568573602.9322772
594,25.40111541748047,1568573603.9342842
595,27.059237162272137,1568573604.9352489
596,26.800115903218586,1568573605.9365609
597,28.500874837239582,1568573606.937629
598,26.515404383341473,1568573607.9388773
599,27.95143922170003,1568573608.9399867
600,26.34263038635254,1568573609.9419894
601,27.07548936208089,1568573610.943428
602,28.081059455871582,1568573611.9445508
603,27.808070182800293,1568573612.9457543
604,26.875972747802734,1568573613.9473503
605,26.609182357788086,1568573614.9489198
606,27.216553688049316,1568573615.9501631
607,27.330835660298664,1568573616.9510748
608,26.562611262003582,1568573617.9531882
609,27.103145917256672,1568573618.954304
610,27.5875727335612,1568573619.9555974
611,28.033733367919922,1568573620.9574652
612,27.288357416788738,1568573621.9591424
613,27.486443519592285,1568573622.9608524
614,27.84252166748047,1568573623.9625742
615,28.37212880452474,1568573624.9631374
616,26.456673940022785,1568573625.964278
617,29.19614315032959,1568573626.9661024
618,29.021382331848145,1568573627.9677913
619,28.18310260772705,1568573628.969003
620,27.337034543355305,1568573629.9703033
621,27.20053990681966,1568573630.9708507
622,27.144988377888996,1568573631.9728615
623,27.85782019297282,1568573632.9746926
624,27.494192123413086,1568573633.9755566
625,27.51811345418294,1568573634.9769466
626,26.02231502532959,1568573635.9796999
627,99.35363133748372,1568573641.0873961
628,78.2011349995931,1568573645.1941025
629,106.60338401794434,1568573652.3041167
630,75.12505849202473,1568573656.410906
631,96.97413444519043,1568573660.5173023
632,99.52569007873535,1568573661.5183864
633,98.21343421936035,1568573662.5203276
634,77.21340656280518,1568573666.6291099
635,77.23251978556316,1568573667.6300673
636,107.002854347229,1568573671.738351
637,76.24324162801106,1568573675.845105
638,96.73492113749187,1568573680.9524033
639,137.76445388793945,1568573689.0642977
640,93.18443139394124,1568573694.1726766
641,26.002009709676106,1568573698.27992
642,26.31545066833496,1568573699.281801
643,26.53678258260091,1568573700.2827795
644,24.55182870229085,1568573701.2847555
645,25.313735008239746,1568573702.2858825
646,24.706164995829266,1568573703.287006
647,25.38434664408366,1568573704.2888532
648,28.212666511535645,1568573705.289496
649,27.771949768066406,1568573706.2906656
650,29.71680959065755,1568573707.2921011
651,27.02931563059489,1568573708.2932918
652,27.515133221944172,1568573709.295282
653,26.767889658610027,1568573710.2960014
654,24.482131004333496,1568573711.2974517
655,28.74302864074707,1568573712.2990534
656,29.08623218536377,1568573713.300468
657,28.57836087544759,1568573714.302519
658,28.47146987915039,1568573715.3033032
659,26.62646770477295,1568573716.305015
660,26.601513226826984,1568573717.3066418
661,27.201135953267414,1568573718.3075342
662,26.65424346923828,1568573719.3093817
663,27.39270528157552,1568573720.310797
664,29.01943524678548,1568573721.3124146
665,27.767062187194824,1568573722.3142502
666,22.652745246887207,1568573723.3160179
667,24.257500966389973,1568573724.3170242
668,22.415002187093098,1568573725.3179193
669,25.351524353027344,1568573726.3197467
670,23.293137550354004,1568573727.3209977
671,24.392247200012207,1568573728.3229032
672,24.796088536580402,1568573729.32423
673,24.23703670501709,1568573730.3253944
674,24.66106414794922,1568573731.3268697
675,25.842467943827312,1568573732.3280556
676,24.839202562967937,1568573733.3293025
677,27.346491813659668,1568573734.3313105
678,23.99746576944987,1568573735.3316524
679,24.51797326405843,1568573736.333492
680,27.702848116556805,1568573737.3346791
681,30.312617619832356,1568573738.3354375
682,27.65003840128581,1568573739.3368216
683,26.105483373006184,1568573740.3376532
684,27.609507242838543,1568573741.3387988
685,24.40337340037028,1568573742.3401482
686,24.097363154093426,1568573743.3413951
687,24.861733118693035,1568573744.343503
688,25.123437245686848,1568573745.344431
689,23.81877104441325,1568573746.346075
690,26.389400164286297,1568573747.3471081
691,26.642123858133953,1568573748.3482158
692,26.32153034210205,1568573749.3499773
693,18.750786781311035,1568573750.3508105
694,29.320240020751953,1568573751.352734
695,26.095271110534668,1568573752.354028
696,22.801677385965984,1568573753.3557057
697,27.259230613708496,1568573754.3573437
698,24.942715962727863,1568573755.357902
699,27.03968683878581,1568573756.3592222
700,26.37632687886556,1568573757.3603418
701,26.632110277811687,1568573758.3612995
702,25.05020300547282,1568573759.362212
703,26.84322992960612,1568573760.3632178
704,24.121761322021484,1568573761.3651161
705,26.665806770324707,1568573762.3665228
706,26.529669761657715,1568573763.3682282
707,26.497284571329754,1568573764.3712595
708,25.92579523722331,1568573765.3725872
709,26.174386342366535,1568573766.3736825
710,26.871879895528156,1568573767.3761587
711,26.72310670216878,1568573768.377853
712,26.58247947692871,1568573769.379208
713,26.067535082499187,1568573770.3798382
714,25.948405265808105,1568573771.3805642
715,26.33953094482422,1568573772.3817632
716,25.91399351755778,1568573773.3835297
717,26.01027488708496,1568573774.385278
718,27.38972504933675,1568573775.3867354
719,26.747902234395344,1568573776.38759
720,25.963385899861652,1568573777.388249
721,25.81032117207845,1568573778.3903344
722,26.82948112487793,1568573779.3925138
723,24.547616640726726,1568573780.3931034
724,26.347875595092773,1568573781.3935697
725,27.015328407287598,1568573782.3947423
726,27.08272139231364,1568573783.3959725
727,26.772101720174152,1568573784.39722
728,26.177406311035156,1568573785.3987427
729,27.57108211517334,1568573786.400007
730,26.314059893290203,1568573787.4012415
731,27.149279912312824,1568573788.4021134
732,23.755669593811035,1568573789.4037392
733,24.596293767293293,1568573790.404916
734,24.09807840983073,1568573791.4061842
735,24.04622236887614,1568573792.4073331
736,27.190685272216797,1568573793.408655
737,27.138034502665203,1568573794.4102976
738,26.60040060679118,1568573795.4110973
739,26.154955228169758,1568573796.4120378
740,26.84934933980306,1568573797.4131246
741,26.801029841105144,1568573798.4136891
742,26.079694430033367,1568573799.4153838
743,27.02764670054118,1568573800.416609
744,27.408520380655926,1568573801.4171407
745,26.08311176300049,1568573802.418054
746,26.813069979349773,1568573803.4193394
747,26.244322458902996,1568573804.4210343
748,26.335676511128742,1568573805.4219522
749,26.111404101053875,1568573806.423385
750,24.06458059946696,1568573807.4248505
751,23.61718813578288,1568573808.4260898
752,24.232347806294758,1568573809.428537
753,25.30539035797119,1568573810.4291658
754,24.561564127604168,1568573811.4313662
755,25.002360343933105,1568573812.4337602
756,25.88967482248942,1568573813.4352272
757,26.960134506225586,1568573814.4365895
758,26.226162910461426,1568573815.4378834
759,26.1843204498291,1568573816.438872
760,25.647560755411785,1568573817.4406078
761,26.735623677571613,1568573818.4414554
762,24.505972862243652,1568573819.442988
763,25.20485719045003,1568573820.4449806
764,23.431698481241863,1568573821.4472463
765,22.183458010355633,1568573822.4483948
766,23.444612820943195,1568573823.4506128
767,23.305495580037434,1568573824.4518728
768,27.160247166951496,1568573825.4531302
769,26.874820391337078,1568573826.4546711
770,26.652177174886067,1568573827.4560225
771,26.37175718943278,1568573828.4571571
772,22.22708861033122,1568573829.4588993
773,25.635679562886555,1568573830.4595675
774,25.92798074086507,1568573831.4609063
775,25.683244069417317,1568573832.4627151
776,26.581168174743652,1568573833.4645076
777,27.260581652323406,1568573834.4655926
778,23.778319358825684,1568573835.4668438
779,23.584445317586262,1568573836.4689198
780,23.923039436340332,1568573837.470541
781,23.403048515319824,1568573838.4725003
782,26.67224407196045,1568573839.47421
783,26.024818420410156,1568573840.4756966
784,27.31621265411377,1568573841.4766307
785,25.92913309733073,1568573842.4778302
786,26.82948112487793,1568573843.4784338
787,27.457118034362793,1568573844.4800236
788,27.181506156921387,1568573845.480614
789,26.815295219421387,1568573846.482502
790,30.57738145192464,1568573847.4843853
791,24.374643961588543,1568573848.4858317
792,24.651288986206055,1568573849.4875524
793,24.14671579996745,1568573850.488873
794,26.666442553202312,1568573851.48973
795,25.90330441792806,1568573852.4912016
796,26.101032892862957,1568573853.492799
797,24.698853492736816,1568573854.493649
798,23.303111394246418,1568573855.4951818
799,26.677171389261883,1568573856.4964352
800,26.356935501098633,1568573857.4975212
801,26.080965995788574,1568573858.499776
802,23.410439491271973,1568573859.5010145
803,23.703654607137043,1568573860.501536
804,22.31132984161377,1568573861.5029786
805,25.15741189320882,1568573862.50398
806,25.768558184305828,1568573863.5050783
807,26.2985626856486,1568573864.5072372
808,26.581327120463055,1568573865.5076618
809,26.791850725809734,1568573866.5092146
810,24.801890055338543,1568573867.509936
811,24.979909261067707,1568573868.51174
812,24.26004409790039,1568573869.5138078
813,26.755690574645996,1568573870.5157177
814,25.23656686147054,1568573871.5167663
815,27.468085289001465,1568573872.5175836
816,27.05053488413493,1568573873.5183725
817,23.257096608479817,1568573874.5198588
818,27.012348175048828,1568573875.5207033
819,26.73165003458659,1568573876.5218132
820,26.257753372192383,1568573877.5233555
821,25.15729268391927,1568573878.5245419
822,23.65156014760335,1568573879.5263922
823,25.194207827250164,1568573880.5278525
824,27.913729349772137,1568573881.5289004
825,25.08433659871419,1568573882.5298648
826,24.174849192301433,1568573883.5311732
827,22.68381913503011,1568573884.5326426
828,22.678414980570476,1568573885.5331433
829,24.57435925801595,1568573886.5351412
830,24.497032165527344,1568573887.536427
831,24.82291062672933,1568573888.5375755
832,25.384942690531414,1568573889.540367
833,24.2232084274292,1568573890.5418565
834,25.53709348042806,1568573891.542968
835,25.28556187947591,1568573892.5442142
836,27.101794878641766,1568573893.5458214
837,25.131781895955402,1568573894.5483782
838,26.49235725402832,1568573895.5495865
839,26.59587065378825,1568573896.5507917
840,27.464747428894043,1568573897.5526965
841,26.4279842376709,1568573898.5545344
842,26.480952898661297,1568573899.555726
843,25.812466939290363,1568573900.5569255
844,25.497992833455402,1568573901.557999
845,20.867466926574707,1568573902.558893
846,25.739391644795734,1568573903.560419
847,26.575366655985516,1568573904.5622635
848,24.683475494384766,1568573905.5641782
849,24.960954984029133,1568573906.5654135
850,26.866475741068523,1568573907.5672207
851,26.40501658121745,1568573908.5682328
852,26.612242062886555,1568573909.5694246
853,27.02172597249349,1568573910.5710227
854,26.326616605122883,1568573911.5720632
855,27.829686800638836,1568573912.5734444
856,26.189406712849934,1568573913.5748777
857,26.106953620910645,1568573914.5762413
858,27.326186498006184,1568573915.5781133
859,26.95488929748535,1568573916.5792162
860,27.976115544637043,1568573917.5808132
861,26.928226153055828,1568573918.5821428
862,27.808388074239094,1568573919.5838835
863,27.6334285736084,1568573920.5853496
864,28.756340344746906,1568573921.5866797
865,27.216355005900066,1568573922.587622
866,26.090820630391438,1568573923.5887365
867,26.260852813720703,1568573924.5911257
868,26.58732732137044,1568573925.5925639
869,26.833097139994305,1568573926.59395
870,26.24193827311198,1568573927.5954113
871,26.079098383585613,1568573928.596538
872,26.11076831817627,1568573929.5986314
873,25.28695265452067,1568573930.5987966
874,25.7182518641154,1568573931.600005
875,25.384386380513508,1568573932.6013417
876,25.789896647135418,1568573933.60297
877,25.39074420928955,1568573934.605271
878,24.05103047688802,1568573935.6066751
879,26.12781524658203,1568573936.60782
880,26.203473409016926,1568573937.6092198
881,25.640487670898438,1568573938.610316
882,24.23246701558431,1568573939.611258
883,25.804678599039715,1568573940.613012
884,25.7870356241862,1568573941.6147404
885,25.125940640767414,1568573942.6161368
886,25.650938351949055,1568573943.6176422
887,25.102416674296062,1568573944.619152
888,25.750358899434406,1568573945.620757
889,25.733153025309246,1568573946.622684
890,27.954578399658203,1568573947.6241505
891,27.500232060750324,1568573948.6252444
892,25.74920654296875,1568573949.6267571
893,24.166266123453777,1568573950.62814
894,23.156404495239258,1568573951.6291294
895,21.848360697428387,1568573952.6304858
896,21.20029926300049,1568573953.6322968
897,22.113362948099773,1568573954.6342363
898,21.004199981689453,1568573955.6351264
899,22.560636202494305,1568573956.6370292
900,23.86796474456787,1568573957.6382105
901,24.32580788930257,1568573958.6398134
902,25.035381317138672,1568573959.640815
903,24.94664986928304,1568573960.6420214
904,21.24043305714925,1568573961.6428022
905,25.573571523030598,1568573962.6438954
906,25.62447388966878,1568573963.6454754
907,24.6890385945638,1568573964.647281
908,24.898687998453777,1568573965.6483831
909,26.431163152058918,1568573966.6495168
910,22.134979565938313,1568573967.6511133
911,24.503032366434734,1568573968.6516771
912,24.819056193033855,1568573969.653631
913,23.499806722005207,1568573970.6546073
914,25.25607744852702,1568573971.6564035
915,24.924874305725098,1568573972.6577015
916,22.084712982177734,1568573973.6587384
917,25.858362515767414,1568573974.6600802
918,25.393207867940266,1568573975.660757
919,25.892456372578938,1568573976.6627536
920,25.370995203653973,1568573977.664292
921,25.50971508026123,1568573978.6657689
922,24.510542551676433,1568573979.668019
923,26.14883581797282,1568573980.6688306
924,26.123801867167156,1568573981.6707108
925,24.512688318888348,1568573982.6719449
926,13.26592763264974,1568573983.6729057
927,25.82999070485433,1568573984.6748219
928,24.608612060546875,1568573985.6753678
929,24.04765288035075,1568573986.6767125
930,23.879726727803547,1568573987.6779978
931,24.206002553304035,1568573988.6790996
932,24.870117505391438,1568573989.6802356
933,25.712013244628906,1568573990.6811416
934,24.860580762227375,1568573991.6821012
935,22.899985313415527,1568573992.683741
936,25.211612383524578,1568573993.6857738
937,25.60730775197347,1568573994.6874733
938,24.278759956359863,1568573995.6881058
939,25.11775493621826,1568573996.6895316
940,24.04133478800456,1568573997.691138
941,24.00366465250651,1568573998.6923327
942,21.794478098551433,1568573999.6935716
943,21.31231625874837,1568574000.6966527
944,23.671706517537434,1568574001.6964633
945,22.18739191691081,1568574002.69711
946,18.018126487731934,1568574003.697978
947,23.44016234079997,1568574004.6990979
948,22.606174151102703,1568574005.7005076
949,22.826671600341797,1568574006.7021499
950,22.03218142191569,1568574007.7044644
951,24.112860361735027,1568574008.7056768
952,24.01411533355713,1568574009.7076247
953,24.994691212972004,1568574010.7079298
954,20.66059907277425,1568574011.7088902
955,19.677082697550457,1568574012.7097497
956,23.157437642415363,1568574013.711062
957,21.7363437016805,1568574014.7129092
958,21.51167392730713,1568574015.7132666
959,24.159828821818035,1568574016.714725
960,23.634155591328938,1568574017.7156148
961,24.271368980407715,1568574018.7171576
962,23.233612378438313,1568574019.7191594
963,25.697827339172363,1568574020.7193038
964,20.532806714375813,1568574021.720619
965,24.381279945373535,1568574022.7215173
966,21.698792775472004,1568574023.7222128
967,20.157734553019207,1568574024.7228408
968,22.753238677978516,1568574025.7243454
969,23.626327514648438,1568574026.7251859
970,22.26416269938151,1568574027.7264144
971,23.44803015391032,1568574028.7278414
972,23.914019266764324,1568574029.7290604
973,24.20695622762044,1568574030.7303433
974,21.448055903116863,1568574031.7313502
975,22.137920061747234,1568574032.7326157
976,24.20210838317871,1568574033.7343462
977,25.65586566925049,1568574034.735795
978,25.210340817769367,1568574035.7368279
979,23.579994837443035,1568574036.7386801
980,25.301416714986164,1568574037.7395394
981,26.22354030609131,1568574038.7409515
982,26.759028434753418,1568574039.742744
983,26.07138951619466,1568574040.7433453
984,25.670607884724934,1568574041.7449515
985,24.71470832824707,1568574042.746853
986,26.54906113942464,1568574043.7474225
987,24.576465288798016,1568574044.748581
988,25.19361178080241,1568574045.7493665
989,25.334874788920086,1568574046.7509816
990,26.041428248087566,1568574047.7523088
991,28.44679355621338,1568574048.7542331
992,25.77527364095052,1568574049.7551281
993,25.098244349161785,1568574050.755718
994,25.394797325134277,1568574051.7570028
995,26.1458953221639,1568574052.7586226
996,22.92454242706299,1568574053.759568
997,24.11794662475586,1568574054.7611277
998,20.912448565165203,1568574055.761916
999,23.40046564737956,1568574056.7637184
1000,23.258487383524578,1568574057.7650726
1001,23.213704427083332,1568574058.7657082
1002,23.956139882405598,1568574059.7670352
1003,22.363464037577312,1568574060.7688274
1004,21.216630935668945,1568574061.7725735
1005,25.033752123514812,1568574062.7709816
1006,20.709633827209473,1568574063.7729626
1007,23.557066917419434,1568574064.7751145
1008,23.450215657552082,1568574065.7763426
1009,23.57061703999837,1568574066.7771747
1010,23.76842498779297,1568574067.7781305
1011,23.53676160176595,1568574068.7801979
1012,23.78237247467041,1568574069.7818124
1013,25.02485116322835,1568574070.7829843
1014,23.14440409342448,1568574071.7836704
1015,23.406267166137695,1568574072.7851954
1016,21.57870928446452,1568574073.7864904
1017,21.166125933329266,1568574074.7878683
1018,19.67342694600423,1568574075.7886708
1019,25.734742482503254,1568574076.7892447
1020,24.843295415242512,1568574077.7906337
1021,25.75405438741048,1568574078.79221
1022,26.190678278605144,1568574079.793306
1023,27.844468752543133,1568574080.794994
1024,26.186664899190266,1568574081.7960353
1025,26.45377318064372,1568574082.797221
1026,27.20065911610921,1568574083.7979121
1027,26.579936345418293,1568574084.7995183
1028,27.652819951375324,1568574085.801075
1029,24.979035059611004,1568574086.8017414
1030,25.67438284556071,1568574087.8024879
1031,26.052196820576984,1568574088.8039563
1032,26.28028392791748,1568574089.8047082
1033,25.825858116149902,1568574090.8058283
1034,27.457316716512043,1568574091.8073592
1035,24.839242299397785,1568574092.8084834
1036,26.479919751485188,1568574093.8095877
1037,24.83844757080078,1568574094.8119195
1038,25.367577870686848,1568574095.8129246
1039,25.77670415242513,1568574096.81455
1040,26.201804478963215,1568574097.8159618
1041,25.68550904591878,1568574098.8167975
1042,25.9402592976888,1568574099.8191411
1043,26.270548502604168,1568574100.8196785
1044,26.39174461364746,1568574101.8218126
1045,27.06750233968099,1568574102.8235464
1046,24.521430333455402,1568574103.8250592
1047,23.462454477945965,1568574104.8265345
1048,26.181141535441082,1568574105.8273394
1049,25.89098612467448,1568574106.8284814
1050,24.797797203063965,1568574107.829352
1051,23.996988932291668,1568574108.8312058
1052,18.59728495279948,1568574109.8327286
1053,20.742336908976238,1568574110.8347332
1054,24.257421493530273,1568574111.835153
1055,23.900389671325684,1568574112.8366396
1056,24.520158767700195,1568574113.8382125
1057,23.908178011576336,1568574114.8397896
1058,22.467573483784992,1568574115.8415043
1059,21.38821283976237,1568574116.8426847
1060,21.871646245320637,1568574117.8439982
1061,24.11055564880371,1568574118.8448071
1062,24.701396624247234,1568574119.8465047
1063,23.973544438680012,1568574120.8471994
1064,24.50450261433919,1568574121.8479433
1065,21.340211232503254,1568574122.8489144
1066,20.640214284261067,1568574123.850726
1067,22.837042808532715,1568574124.8522391
1068,22.283514340718586,1568574125.853887
1069,22.378921508789062,1568574126.8552067
1070,19.296844800313313,1568574127.8563635
1071,24.22022819519043,1568574128.8574715
1072,21.4613676071167,1568574129.858657
1073,24.886210759480793,1568574130.8598444
1074,24.42936102549235,1568574131.8607638
1075,24.40774440765381,1568574132.861578
1076,23.034175237019856,1568574133.8622317
1077,23.975173632303875,1568574134.8633845
1078,24.11969502766927,1568574135.864426
1079,25.606195131937664,1568574136.8658648
1080,24.59418773651123,1568574137.8671777
1081,24.379968643188477,1568574138.8681552
1082,23.570775985717773,1568574139.8696868
1083,23.192326227823894,1568574140.8709407
1084,19.093434015909832,1568574141.872159
1085,25.020758310953777,1568574142.8733573
1086,24.637778600056965,1568574143.8745883
1087,23.848493893941242,1568574144.8763366
1088,24.553537368774414,1568574145.8764968
1089,24.25519625345866,1568574146.8776174
1090,23.594458897908527,1568574147.8781474
1091,24.303436279296875,1568574148.8798864
1092,24.155418078104656,1568574149.8819602
1093,24.166464805603027,1568574150.883163
1094,22.848208745320637,1568574151.884422
1095,25.09284019470215,1568574152.8853042
1096,25.385022163391113,1568574153.8865597
1097,24.06291166941325,1568574154.8880446
1098,25.429844856262207,1568574155.8898847
1099,26.186267534891766,1568574156.8906534
1100,21.790305773417156,1568574157.891303
1101,25.909900665283203,1568574158.8926334
1102,25.47478675842285,1568574159.8943405
1103,18.80188783009847,1568574160.8947732
1104,18.513957659403484,1568574161.8954873
1105,23.426095644632976,1568574162.896889
1106,23.649136225382488,1568574163.8979845
1107,23.5825777053833,1568574164.9000916
1108,23.345390955607098,1568574165.9015317
1109,21.731853485107422,1568574166.902937
1110,21.110057830810547,1568574167.9045537
1111,23.619810740152996,1568574168.9056244
1112,21.170655886332195,1568574169.9072046
1113,19.52672004699707,1568574170.9081948
1114,21.22620741526286,1568574171.90939
1115,22.09194501241048,1568574172.910899
1116,24.3380864461263,1568574173.9127862
1117,24.75130558013916,1568574174.9145348
1118,23.95168940226237,1568574175.914834
1119,22.64567216237386,1568574176.9164531
1120,26.140252749125164,1568574177.9174247
1121,24.96651808420817,1568574178.918706
1122,24.558424949645996,1568574179.9197638
1123,23.366848627726238,1568574180.9209657
1124,23.242513338724773,1568574181.9221156
1125,25.99652608235677,1568574182.9234061
1126,23.7350066502889,1568574183.9248507
1127,24.79819456736247,1568574184.9261117
1128,13.625542322794596,1568574185.9268486
1129,24.730960528055828,1568574186.927919
1130,26.383121808369953,1568574187.9288278
1131,25.748809178670246,1568574188.930209
1132,25.122642517089844,1568574189.9317214
1133,24.886926015218098,1568574190.932185
1134,25.16825993855794,1568574191.9332938
1135,24.09358819325765,1568574192.934382
1136,25.267283121744793,1568574193.9367154
1137,24.375518163045246,1568574194.93911
1138,24.002353350321453,1568574195.9405904
1139,26.354511578877766,1568574196.9417114
1140,24.29465452829997,1568574197.9429913
1141,22.61066436767578,1568574198.9450858
1142,24.152636528015137,1568574199.9473002
1143,24.446646372477215,1568574200.9491687
1144,24.553736050923664,1568574201.9502535
1145,24.71911907196045,1568574202.9512582
1146,24.21581745147705,1568574203.9530888
1147,23.93372853597005,1568574204.9541905
1148,22.57668972015381,1568574205.955808
1149,25.053779284159344,1568574206.9579515
1150,25.861700375874836,1568574207.959626
1151,26.020089785257976,1568574208.9607298
1152,24.640719095865887,1568574209.9615474
1153,23.8876740137736,1568574210.9627876
1154,24.767001469930012,1568574211.963254
1155,24.891217549641926,1568574212.9628382
1156,24.879097938537598,1568574213.9638507
1157,23.82973829905192,1568574214.9644084
1158,24.318536122639973,1568574215.965563
1159,25.3834327061971,1568574216.9669266
1160,26.07715129852295,1568574217.9676714
1161,22.992730140686035,1568574218.9686854
1162,25.643547375996906,1568574219.9704034
1163,24.996479352315266,1568574220.9711213
1164,24.92654323577881,1568574221.9726868
1165,25.23032824198405,1568574222.9744854
1166,25.400400161743164,1568574223.9762723
1167,26.042501131693523,1568574224.978328
1168,24.457772572835285,1568574225.9790156
1169,24.057428042093914,1568574226.9802299
1170,24.288018544514973,1568574227.9822164
1171,24.157126744588215,1568574228.9832335
1172,25.60420831044515,1568574229.9848242
1173,23.24366569519043,1568574230.9868772
1174,23.713032404581707,1568574231.9876108
1175,23.05789788564046,1568574232.9894886
1176,21.29240830739339,1568574233.990912
1177,22.53870169321696,1568574234.993273
1178,24.405916531880695,1568574235.9946945
1179,24.2154598236084,1568574236.9962306
1180,24.08123016357422,1568574237.9974713
1181,26.021718978881836,1568574238.9986567
1182,23.601849873860676,1568574239.9990344
1183,24.920860926310223,1568574241.0015721
1184,22.597352663675945,1568574242.0031374
1185,25.723973910013836,1568574243.0038679
1186,25.501569112141926,1568574244.0049806
1187,23.22864532470703,1568574245.0067587
1188,19.529859224955242,1568574246.0081608
1189,23.404359817504883,1568574247.0094404
1190,23.89403184254964,1568574248.0107687
1191,23.71831734975179,1568574249.0102396
1192,23.2237974802653,1568574250.0124698
1193,27.144908905029297,1568574251.0146132
1194,26.751001675923664,1568574252.016294
1195,28.623421986897785,1568574253.017211
1196,25.70919195810954,1568574254.0181704
1197,23.62791697184245,1568574255.0204508
1198,25.73394775390625,1568574256.0211096
1199,24.978160858154297,1568574257.0225832
1200,28.39219570159912,1568574258.0235872
1201,25.94725290934245,1568574259.0243554
1202,25.946577390034992,1568574260.0257773
1203,26.455163955688477,1568574261.0273585
1204,27.1226167678833,1568574262.0292327
1205,27.59365240732829,1568574263.0304174
1206,26.09717845916748,1568574264.0312905
1207,24.83236789703369,1568574265.0323834
1208,24.516781171162922,1568574266.0344002
1209,24.39248561859131,1568574267.035837
1210,27.006228764851887,1568574268.0369682
1211,27.127504348754883,1568574269.039004
1212,26.53185526529948,1568574270.0406084
1213,26.274561882019043,1568574271.0424242
1214,25.599161783854168,1568574272.0442657
1215,27.02645460764567,1568574273.045921
1216,25.196433067321777,1568574274.0471506
1217,25.146881739298504,1568574275.0483575
1218,24.877349535624187,1568574276.04906
1219,24.960041046142578,1568574277.0501933
1220,25.17084280649821,1568574278.0512583
1221,25.985121726989746,1568574279.0527153
1222,26.625633239746094,1568574280.05384
1223,26.229103406270344,1568574281.0563977
1224,25.646368662516277,1568574282.058054
1225,25.076826413472492,1568574283.058624
1226,26.282707850138348,1568574284.0599513
1227,25.978565216064453,1568574285.0607357
1228,23.274779319763184,1568574286.061579
1229,25.567015012105305,1568574287.062857
1230,25.986591974894207,1568574288.0636792
1231,24.51471487681071,1568574289.0648644
1232,24.595975875854492,1568574290.0659297
1233,23.252209027608234,1568574291.0676062
1234,21.852493286132812,1568574292.0693548
1235,23.368120193481445,1568574293.0705307
1236,23.444493611653645,1568574294.0717852
1237,24.74053700764974,1568574295.0740082
1238,24.76934591929118,1568574296.075855
1239,22.95406659444173,1568574297.0778544
1240,24.707476298014324,1568574298.0789115
1241,24.501880009969074,1568574299.0805206
1242,24.434963862101238,1568574300.0808933
1243,26.233871777852375,1568574301.082377
1244,25.1157283782959,1568574302.0839112
1245,25.6119966506958,1568574303.0852764
1246,25.81954002380371,1568574304.0873926
1247,24.451255798339844,1568574305.088465
1248,25.924841562906902,1568574306.0897403
1249,23.80494276682536,1568574307.0911677
1250,23.133397102355957,1568574308.091946
1251,24.701674779256184,1568574309.0934944
1252,25.10384718577067,1568574310.095049
1253,24.792154630025227,1568574311.096141
1254,24.88545576731364,1568574312.0976212
1255,25.00319480895996,1568574313.0986834
1256,25.760610898335774,1568574314.0999188
1257,24.83065923055013,1568574315.1013055
1258,25.515000025431316,1568574316.102097
1259,25.47311782836914,1568574317.1037927
1260,25.215784708658855,1568574318.1052516
1261,24.294177691141766,1568574319.1067364
1262,25.38720766703288,1568574320.1088219
1263,23.107488950093586,1568574321.1100845
1264,24.611910184224445,1568574322.1119585
1265,25.21216869354248,1568574323.1131566
1266,25.091886520385742,1568574324.11442
1267,24.338046709696453,1568574325.1163733
1268,25.900840759277344,1568574326.1176467
1269,25.712052981058758,1568574327.119182
1270,25.553544362386067,1568574328.120541
1271,25.89873472849528,1568574329.122293
1272,21.201093991597492,1568574330.1243544
1273,23.841261863708496,1568574331.125579
1274,26.024738947550457,1568574332.127422
1275,21.645983060201008,1568574333.127937
1276,21.873831748962402,1568574334.129643
1277,24.099032084147137,1568574335.130957
1278,24.495561917622883,1568574336.1321616
1279,24.433374404907227,1568574337.133771
1280,22.31152852376302,1568574338.134578
1281,24.907787640889484,1568574339.136038
1282,24.591485659281414,1568574340.1370656
1283,24.514079093933105,1568574341.138946
1284,23.802717526753742,1568574342.1406472
1285,23.148377736409504,1568574343.1425176
1286,24.888157844543457,1568574344.1443608
1287,25.40568510691325,1568574345.145531
1288,25.47303835550944,1568574346.1474862
1289,25.797208150227863,1568574347.1486235
1290,25.9397029876709,1568574348.1495862
1291,22.921323776245117,1568574349.1507814
1292,24.767359097798664,1568574350.1521144
1293,25.688687960306805,1568574351.1530454
1294,24.625500043233234,1568574352.1539552
1295,25.54317315419515,1568574353.1558716
1296,25.432705879211426,1568574354.1574755
1297,26.264429092407227,1568574355.1592445
1298,25.85180600484212,1568574356.1606748
1299,25.8637269337972,1568574357.1624184
1300,24.29489294687907,1568574358.164487
1301,24.860183397928875,1568574359.1662006
1302,25.162299474080402,1568574360.1676443
1303,22.649566332499187,1568574361.1702864
1304,25.784929593404133,1568574362.1714818
1305,23.043235143025715,1568574363.1730359
1306,25.64215660095215,1568574364.174283
1307,24.651328722635906,1568574365.1764667
1308,25.69921811421712,1568574366.1774595
1309,23.369789123535156,1568574367.1793752
1310,25.41967233022054,1568574368.1811926
1311,23.524681727091473,1568574369.1825895
1312,23.78857135772705,1568574370.184333
1313,23.764808972676594,1568574371.185691
1314,24.680693944295246,1568574372.1867855
1315,26.175936063130695,1568574373.1887708
1316,26.06622378031413,1568574374.190608
1317,26.40565236409505,1568574375.1919336
1318,26.325066884358723,1568574376.1931474
1319,22.757768630981445,1568574377.1939476
1320,25.39225419362386,1568574378.1952968
1321,25.325417518615723,1568574379.1963565
1322,25.03824234008789,1568574380.1973667
1323,25.200843811035156,1568574381.1985533
1324,24.930556615193684,1568574382.2005568
1325,25.1461664835612,1568574383.2012744
1326,22.461334864298504,1568574384.2018995
1327,24.558186531066895,1568574385.203793
1328,24.604519208272297,1568574386.2047598
1329,25.597612063090008,1568574387.2060933
1330,25.359431902567547,1568574388.2076132
1331,24.843891461690266,1568574389.2089727
1332,24.912317593892414,1568574390.2101839
1333,24.964570999145508,1568574391.2119088
1334,23.84769916534424,1568574392.2139306
1335,27.300715446472168,1568574393.2148266
1336,26.334484418233234,1568574394.215585
1337,27.985175450642902,1568574395.2166717
1338,28.354326883951824,1568574396.217958
1339,28.17968527475993,1568574397.2199087
1340,30.500332514444988,1568574398.2204516
1341,26.409109433492024,1568574399.2226114
1342,26.578545570373535,1568574400.2235572
1343,26.050527890523274,1568574401.2249224
1344,25.939305623372395,1568574402.2258832
1345,23.506800333658855,1568574403.2280083
1346,25.784413019816082,1568574404.229039
1347,24.67056115468343,1568574405.2303157
1348,25.167385737101238,1568574406.2322755
1349,25.470177332560223,1568574407.233598
1350,25.891343752543133,1568574408.2352316
1351,24.56180254618327,1568574409.2366312
1352,25.730609893798828,1568574410.2377512
1353,25.806585947672527,1568574411.2390022
1354,25.531490643819172,1568574412.2405174
1355,23.262977600097656,1568574413.2420704
1356,24.692217508951824,1568574414.2435694
1357,25.314172108968098,1568574415.2445395
1358,25.496919949849445,1568574416.2458606
1359,25.048494338989258,1568574417.2474892
1360,25.78572432200114,1568574418.2488835
1361,23.66793155670166,1568574419.2503207
1362,26.14096800486247,1568574420.2514307
1363,26.418288548787434,1568574421.2531796
1364,25.61374505360921,1568574422.255283
1365,24.53601360321045,1568574423.2570186
1366,25.317947069803875,1568574424.258205
1367,23.108243942260742,1568574425.2596893
1368,24.921298027038574,1568574426.2608583
1369,24.425307909647625,1568574427.261655
1370,25.319019953409832,1568574428.2624815
1371,25.56157112121582,1568574429.2639303
1372,24.714112281799316,1568574430.26531
1373,25.384267171223957,1568574431.2663395
1374,26.06650193532308,1568574432.2672138
1375,24.057547251383465,1568574433.2687047
1376,24.684667587280273,1568574434.2700849
1377,24.202664693196613,1568574435.2711542
1378,24.456063906351726,1568574436.2728868
1379,23.137410481770832,1568574437.2747116
1380,24.25551414489746,1568574438.275674
1381,23.716092109680176,1568574439.2772124
1382,22.91981379191081,1568574440.2787397
1383,23.39184284210205,1568574441.2799835
1384,24.439454078674316,1568574442.2817528
1385,23.261070251464844,1568574443.2831376
