# iterator, reward, timestamp 
1,-25.59865422759637,1570006616.5150588
2,-30.10106086730957,1570006619.6223068
3,-26.184665758846222,1570006622.7290123
4,-24.814665195673935,1570006625.8349416
5,-26.145577430725098,1570006628.9409597
6,-25.015953467555374,1570006632.045085
7,-25.96782919353901,1570006635.1530712
8,-27.863127172676418,1570006638.1571584
9,-22.137794218960156,1570006641.2642949
10,-24.598357709861745,1570006644.3700564
11,-37.863858074336115,1570006647.4753065
12,-24.83580681077908,1570006650.4798555
13,-22.25363254547119,1570006653.5868354
14,-23.302316665649414,1570006656.5914285
15,-23.317136330848342,1570006659.6973543
16,-35.29214859008789,1570006662.804912
17,-25.684005506099172,1570006665.9117644
18,-28.67553408818994,1570006669.0178466
19,-26.42245483654353,1570006672.1249669
20,-28.08377326557601,1570006675.2338715
21,-24.640180134972592,1570006678.3399007
22,-26.118824890208217,1570006681.3429909
23,-27.238379236306205,1570006684.4498625
24,-29.94096279144287,1570006687.5555193
25,-28.79977677842019,1570006690.6633408
26,-26.755607567580977,1570006693.6683652
27,-30.688047409057617,1570006696.776215
28,-29.878735542297363,1570006699.7809162
29,-28.12702572733732,1570006702.889006
30,-25.26064166075705,1570006705.9960577
31,-22.77243137359619,1570006709.102269
32,-21.96037769317627,1570006712.1055205
33,-23.945212364196777,1570006715.1099176
34,-23.941699911584593,1570006718.2158706
35,-25.706230257672384,1570006721.3216016
36,-24.76230902137616,1570006724.324573
37,-25.065855623643596,1570006727.3298793
38,-23.016653246699057,1570006730.4371846
39,-23.223741244792336,1570006733.4419448
40,-21.40069007873535,1570006736.5481753
41,-23.942737170754885,1570006739.6541612
42,-23.36704730987549,1570006742.7622128
43,-23.316150395999635,1570006745.8682704
44,-21.672181049942253,1570006748.8719401
45,-24.462281180828562,1570006751.8770328
46,-21.199703216552734,1570006754.9834812
47,-25.06679905131187,1570006758.0904832
48,-21.78812026977539,1570006761.1962976
49,-19.81353759765625,1570006764.1999319
50,-19.90985870361328,1570006767.2038414
51,-26.789426803588867,1570006770.208099
52,-22.37755168051158,1570006773.314421
53,-19.586509811553004,1570006776.31914
54,-22.691310844695558,1570006779.3249743
55,-17.932468539639466,1570006782.3290749
56,-21.876707070655723,1570006785.3329852
57,-20.430006520882365,1570006788.3374546
58,-23.561173275235024,1570006791.3416555
59,-24.926318373860287,1570006794.3468726
60,-23.16465195259761,1570006797.4545195
61,-22.54114728176577,1570006800.5599866
62,-23.49841594696045,1570006803.6661925
63,-22.945799717060932,1570006806.774976
64,-25.32659137011644,1570006809.8781724
65,-19.791265138196138,1570006812.9862714
66,-23.826461375512217,1570006816.0939066
67,-22.942819430610033,1570006819.200274
68,-21.697046783165632,1570006822.2033544
69,-24.789174133859973,1570006825.3095589
70,-24.856093512812908,1570006828.3138444
71,-22.090291782250937,1570006831.4188254
72,-22.326032511895765,1570006834.5250268
73,-24.377046358553656,1570006837.632222
74,-26.18258241025386,1570006840.7372723
75,-23.616440181517298,1570006843.8461328
76,-26.438568120217763,1570006846.9528172
77,-26.54770155354598,1570006849.957653
78,-25.536850756670912,1570006853.065151
79,-25.771499930086225,1570006856.0688944
80,-23.38850498199463,1570006859.1777291
81,-25.000329412820317,1570006862.2832494
82,-22.262140494383196,1570006865.2877078
83,-24.141377564346744,1570006868.3926558
84,-22.338104653173303,1570006871.4983587
85,-20.198085219497614,1570006874.5018353
86,-20.98861731558832,1570006877.506574
87,-24.1073581927237,1570006880.5125003
88,-21.019577980041504,1570006883.6192622
89,-23.771987359302848,1570006886.7260065
90,-26.710666256942684,1570006889.835083
91,-24.899472901665238,1570006892.9418006
92,-22.407054901123047,1570006896.0481057
93,-22.93572114874673,1570006899.1542141
94,-22.29773998260498,1570006902.2606068
95,-24.65824165959404,1570006905.368588
96,-25.696974755022435,1570006908.4729133
97,-27.412875331604596,1570006911.4769335
98,-25.26944938724023,1570006914.5852404
99,-24.19907398452917,1570006917.5876482
100,-24.258136749267578,1570006920.695182
101,-20.716309547424316,1570006923.6996598
102,-24.003342674700647,1570006926.8067336
103,-21.76356315612793,1570006929.9163527
104,-21.831512451171875,1570006932.9231284
105,-22.84109592437744,1570006935.927595
106,-20.83742618560791,1570006938.932305
107,-24.14238452911377,1570006941.9379241
108,-21.010160446166992,1570006944.9434314
109,-24.943725611257275,1570006948.0492969
110,-27.419682295653104,1570006951.155017
111,-24.26421790829699,1570006954.2613738
112,-23.427844047546387,1570006957.3669648
113,-25.28189722685916,1570006960.474091
114,-25.18618106842041,1570006963.5797746
115,-23.5060453414917,1570006966.5831053
116,-23.421287536621094,1570006969.5861802
117,-23.95388817934814,1570006972.6925743
118,-27.442862631837873,1570006975.7996585
119,-26.58378212810272,1570006978.803564
120,-29.364943504333496,1570006981.910405
121,-28.05058995084008,1570006985.0170655
122,-24.086687892404733,1570006988.125058
123,-21.450519561767578,1570006991.23221
124,-23.743612271373756,1570006994.3386698
125,-24.788013304300005,1570006997.3443367
126,-27.789861161704973,1570007000.450811
127,-28.62107753753662,1570007003.5568483
128,-26.68338214015318,1570007006.6639686
129,-23.632802978828273,1570007009.7710717
130,-24.327489708261023,1570007012.7752275
131,-26.698940427277808,1570007015.8816667
132,-26.44547816019034,1570007018.887004
133,-24.536325727085103,1570007021.9929473
134,-26.974072497451218,1570007025.1000712
135,-25.57270769190703,1570007028.2073915
136,-25.878176757150033,1570007031.3129373
137,-28.632164001464844,1570007034.4205189
138,-26.70280705559556,1570007037.5259075
139,-25.7874285768088,1570007040.6326468
140,-22.946562244127755,1570007043.637827
141,-24.98643083411051,1570007046.6438842
142,-20.734429359436035,1570007049.7502713
143,-22.598071936907868,1570007052.8580682
144,-23.381104342957617,1570007055.8619678
145,-24.627658017545183,1570007058.9685879
146,-22.87863459589419,1570007062.075846
147,-22.138020795032087,1570007065.0800827
148,-23.118072341021616,1570007068.084888
149,-26.89557422852987,1570007071.0898414
150,-19.27661895751953,1570007074.195101
151,-24.21054876445567,1570007077.3000224
152,-30.01689910888672,1570007080.4054155
153,-23.023715739503114,1570007083.5110097
154,-20.960688591003418,1570007086.6180081
155,-23.496954223315633,1570007089.7239583
156,-19.164085388183594,1570007092.8319335
157,-22.4609375,1570007095.8365977
158,-21.74742966361403,1570007098.9431267
159,-20.289301872253418,1570007102.0500991
160,-22.556040776581895,1570007105.156826
161,-18.34237575531006,1570007108.26252
162,-19.949216152117177,1570007111.3701065
163,-19.354820251464844,1570007114.4758918
164,-18.881533627796884,1570007117.5870457
165,-20.432472229003906,1570007120.691432
166,-22.670092894540797,1570007123.7980628
167,-17.59648323059082,1570007126.9043267
168,-22.200042803910932,1570007130.0096452
169,-21.39568328857422,1570007133.1156368
170,-23.1945058280377,1570007136.2218165
171,-18.71490478515625,1570007139.3274446
172,-22.049052569983772,1570007142.4332767
173,-21.699905395507812,1570007145.538699
174,-24.258713389984642,1570007148.6454282
175,-22.527217864990234,1570007151.751034
176,-24.891647584014,1570007154.858937
177,-21.252989768981934,1570007157.9655924
178,-21.26606622305264,1570007161.072457
179,-17.792582511901855,1570007164.1787074
180,-20.67897146403953,1570007167.2855427
181,-15.035748481750488,1570007170.395126
182,-22.24998753070446,1570007173.5020854
183,-21.17621898651123,1570007176.6069322
184,-22.158993479830333,1570007179.7134883
185,-20.06697654724121,1570007182.8194778
186,-26.84443829220375,1570007185.9266906
187,-20.621299743652344,1570007189.0330777
188,-23.220966939193325,1570007192.139853
189,-18.853306770324707,1570007195.247374
190,-21.57977505507034,1570007198.3543413
191,-21.94035053253174,1570007201.4616613
192,-18.681391030236068,1570007204.57349
193,-19.99032497406006,1570007207.6792731
194,-19.632089569881366,1570007210.784605
195,-21.361351013183594,1570007213.8893914
196,-22.673206418882863,1570007216.997216
197,-22.76754379272461,1570007220.1013849
198,-23.264521766817666,1570007223.2078545
199,-20.470857620239258,1570007226.3146563
200,-22.767663598407015,1570007229.4200926
201,-20.6984281539917,1570007232.5281975
202,-21.734285938118642,1570007235.6345062
203,-16.27182960510254,1570007238.7408216
204,-21.180441832655806,1570007241.8466005
205,-19.046902656555176,1570007244.9519534
206,-19.05374679797104,1570007248.0571597
207,-17.717838287353516,1570007251.1621785
208,-21.123739454899148,1570007254.2705185
209,-17.5778865814209,1570007257.3770278
210,-22.4907353779291,1570007260.484688
211,-21.458029747009277,1570007263.5914316
212,-19.816962793169772,1570007266.6990461
213,-19.223928451538086,1570007269.8051398
214,-23.725615034385676,1570007272.9108682
215,-20.659208297729492,1570007276.0171719
216,-21.886814468542173,1570007279.123551
217,-21.87812328338623,1570007282.22998
218,-20.646208258432964,1570007285.3366506
219,-17.226338386535645,1570007288.4444354
220,-22.632002015059925,1570007291.5518801
221,-18.044471740722656,1570007294.657417
222,-22.579503605881484,1570007297.7623968
223,-22.817134857177734,1570007300.8679886
224,-21.31304759633937,1570007303.9758754
225,-17.66526699066162,1570007307.0826375
226,-22.146846339579835,1570007310.189194
227,-16.692280769348145,1570007313.2952633
228,-20.958689576940195,1570007316.4014378
229,-18.49222183227539,1570007319.5084507
230,-20.852045840889563,1570007322.6161215
231,-18.792271614074707,1570007325.7218342
232,-22.150455090310512,1570007328.8269894
233,-18.477678298950195,1570007331.9340694
234,-19.24502901366497,1570007335.0400527
235,-20.855426788330078,1570007338.1447334
236,-23.837608150574074,1570007341.2504592
237,-23.564815521240234,1570007344.3564813
238,-25.065228908176895,1570007347.4619431
239,-21.63374423980713,1570007350.5683599
240,-22.568715669284984,1570007353.673692
241,-19.750595092773438,1570007356.7804117
242,-19.66319471605511,1570007359.8867688
243,-18.805384635925293,1570007362.9920006
244,-20.54711029125973,1570007366.098947
245,-20.882010459899902,1570007369.2064133
246,-19.15185851385258,1570007372.3139994
247,-21.55745029449463,1570007375.4197452
248,-23.474454463262546,1570007378.5265386
249,-20.94578742980957,1570007381.6317506
250,-21.449888712707004,1570007384.7391822
251,-19.602417945861816,1570007387.8463767
252,-22.74241423157039,1570007390.9521585
253,-18.633723258972168,1570007394.0583723
254,-21.483928754601326,1570007397.1651633
255,-23.105502128601074,1570007400.27124
256,-20.636059687951523,1570007403.3789616
257,-20.518183708190918,1570007406.4856763
258,-19.12780872803617,1570007409.5915217
259,-19.419193267822266,1570007412.6987636
260,-22.636889206050547,1570007415.8068411
261,-21.738767623901367,1570007418.9123485
262,-25.8027365366331,1570007422.0193584
263,-27.541518211364746,1570007425.1265793
264,-26.494657408259368,1570007428.233445
265,-26.073575019836426,1570007431.3406854
266,-24.09994602203369,1570007434.3448498
267,-24.512543517912373,1570007437.4505572
268,-26.319161057400517,1570007440.556066
269,-25.472718602841443,1570007443.6619673
270,-27.88953858008449,1570007446.768534
271,-24.400226350993023,1570007449.8748505
272,-26.482567437424528,1570007452.8803647
273,-29.3006707744726,1570007455.9904697
274,-30.599474906921387,1570007459.0963445
275,-32.73653984069824,1570007462.0997927
276,-28.70871771304114,1570007465.205466
277,-25.994979555886648,1570007468.3119628
278,-22.68242835998535,1570007471.41732
279,-22.860050201416016,1570007474.422361
280,-25.570195664412104,1570007477.529507
281,-26.25467007998875,1570007480.5350566
282,-23.225903511047363,1570007483.6422136
283,-23.623108863830566,1570007486.6460478
284,-23.33235740661621,1570007489.649642
285,-26.572896023319455,1570007492.7560883
286,-28.13031896780265,1570007495.862942
287,-29.845072669036213,1570007498.8678427
288,-29.80184555053711,1570007501.9739091
289,-27.878372436772718,1570007505.080999
290,-24.93886554818529,1570007508.1871479
291,-25.945557019028886,1570007511.191857
292,-27.29023279065347,1570007514.2984374
293,-25.8790210132877,1570007517.4040039
294,-22.975444793701172,1570007520.51217
295,-22.684335708618164,1570007523.5160367
296,-26.906967163085938,1570007526.5214205
297,-25.87474997226159,1570007529.6284902
298,-28.722777930933727,1570007532.7365584
299,-26.931608966231696,1570007535.8429744
300,-28.43898057916678,1570007538.9507985
301,-31.60858154296875,1570007542.0577414
302,-27.98745584832337,1570007545.1625838
303,-29.02840761965646,1570007548.1659904
304,-23.168131763953145,1570007551.270975
305,-18.655648922864046,1570007554.2763686
306,-22.777401275403317,1570007557.2805104
307,-23.069800929393125,1570007560.2840414
308,-25.411986087332064,1570007563.287935
309,-23.21040630340576,1570007566.392003
310,-23.78758128465773,1570007569.4981747
311,-25.572775040636603,1570007572.6043866
312,-25.214778636627223,1570007575.711283
313,-26.99072278826513,1570007578.8170826
314,-22.548538025832663,1570007581.92304
315,-26.016626082693055,1570007584.9275122
316,-30.371427536010742,1570007588.0362086
317,-22.130492026122326,1570007591.1419241
318,-27.63831615447998,1570007594.2483304
319,-24.828826467899916,1570007597.353574
320,-24.839586449967175,1570007600.3590462
321,-23.293495178222656,1570007603.466109
322,-25.450248535356053,1570007606.5722892
323,-25.35986365206276,1570007609.5772717
324,-30.50893580941142,1570007612.6841516
325,-14.40137123119789,1570007615.7883828
326,-26.445105992700604,1570007618.896202
327,-22.1483905697263,1570007622.002413
328,-24.988490985770824,1570007625.1101072
329,-32.651305198669434,1570007628.2158663
330,-29.1788386775131,1570007631.3238776
331,-22.79433231792732,1570007634.429188
332,-25.787295287416597,1570007637.533795
333,-25.68096884389777,1570007640.641595
334,-24.57572590353875,1570007643.7506607
335,-24.95118442418884,1570007646.8576317
336,-25.46720398115738,1570007649.861998
337,-24.568951986199654,1570007652.8672466
338,-23.65761269696529,1570007655.8736734
339,-25.899145879762536,1570007658.8793943
340,-27.799578995998615,1570007661.9864233
341,-25.741430104953942,1570007665.0929592
342,-25.2685546875,1570007668.1983898
343,-26.59320831298828,1570007671.202754
344,-26.023784764537847,1570007674.307789
345,-27.38017684930254,1570007677.4124665
346,-25.212467516130914,1570007680.4160242
347,-25.46540571712199,1570007683.4188209
348,-24.529186413881927,1570007686.5263767
349,-24.826599881763006,1570007689.5306258
350,-28.196277087106484,1570007692.6363022
351,-27.20146267618026,1570007695.6393898
352,-29.86729145050049,1570007698.7455199
353,-29.41882610321045,1570007701.749471
354,-25.760902390544125,1570007704.856496
355,-25.815178274080328,1570007707.9639995
356,-28.898129801670503,1570007711.0703306
357,-25.098450333839853,1570007714.1766627
358,-23.55039119720459,1570007717.282165
359,-25.575570655941963,1570007720.3877914
360,-26.27885341644287,1570007723.492879
361,-26.04824391563258,1570007726.5986884
362,-27.232931207616165,1570007729.7051592
363,-24.963058884456327,1570007732.810581
364,-24.783963148008016,1570007735.8140037
365,-22.4226713180542,1570007738.9212232
366,-25.73851287788613,1570007742.027578
367,-21.78800106048584,1570007745.1342518
368,-25.87670046152491,1570007748.2393968
369,-25.7871150970459,1570007751.3468492
370,-26.022998396902437,1570007754.4536128
371,-24.957389856819525,1570007757.4581234
372,-25.518383127972395,1570007760.4611106
373,-27.673982509295296,1570007763.5674403
374,-24.983645456141588,1570007766.6738827
375,-29.40964698791504,1570007769.7802937
376,-24.437790913434835,1570007772.8874233
377,-26.462692814817004,1570007775.8911786
378,-27.548290533126476,1570007778.9966006
379,-24.11001996157725,1570007782.1040912
380,-26.838863680801737,1570007785.211076
381,-24.87540385810364,1570007788.316133
382,-27.215158894901673,1570007791.421665
383,-24.91893688374692,1570007794.5282836
384,-25.619676334606208,1570007797.5321932
385,-25.68345232182612,1570007800.6375055
386,-27.286467687394776,1570007803.6423364
387,-28.21648120880127,1570007806.7474585
388,-26.138495485272184,1570007809.8535795
389,-76.68642542387951,1570007813.858429
390,-111.20928615802899,1570007816.9643164
391,-84.69263320193579,1570007820.0710468
392,-112.17135106929476,1570007824.179474
393,-85.84722130553583,1570007827.285402
394,-106.67456078649563,1570007830.3910232
395,-87.59919546614077,1570007833.4969227
396,-105.83317279815674,1570007836.6026232
397,-84.7523815515301,1570007841.712391
398,-110.53353203433575,1570007845.8192143
399,-133.37469100952148,1570007849.927001
400,-105.93792584677863,1570007853.0343266
401,-106.90117855216478,1570007856.0378284
402,-132.3949098587036,1570007860.1457872
403,-131.41977787017822,1570007865.1512675
404,-107.52372492643237,1570007869.2598944
405,-134.36341285705566,1570007875.3689609
406,-96.35956437957736,1570007879.4773476
407,-71.44262958101801,1570007882.583236
408,-106.6121918572914,1570007887.6921823
409,-88.19661035087076,1570007893.8021097
410,-86.53955986059502,1570007896.807978
411,-104.91716861724854,1570007899.913876
412,-85.53677125306383,1570007906.0220156
413,-83.67283937350244,1570007911.0293412
414,-110.7811939111933,1570007915.1359677
415,-111.640124096285,1570007919.1416461
416,-80.27809277507387,1570007922.2485826
417,-110.66417449377767,1570007927.3595793
418,-73.91307282798635,1570007930.4658167
419,-57.4797017143468,1570007933.4692938
420,-104.40433025360107,1570007937.5761817
421,-27.095270970789702,1570007940.6826506
422,-29.00683333279755,1570007943.6862159
423,-28.330786510330988,1570007946.6881523
424,-27.082225725286342,1570007949.690042
425,-28.706420446471085,1570007952.6932092
426,-28.928376300859444,1570007955.6969264
427,-25.40410264435921,1570007958.7010853
428,-28.03409194481482,1570007961.7049487
429,-27.54939732987661,1570007964.7076447
430,-27.77577232077969,1570007967.7107096
431,-27.87903793453271,1570007970.715762
432,-27.818818089141818,1570007973.7162747
433,-26.238090499073834,1570007976.71969
434,-27.484147556606942,1570007979.722978
435,-22.287247085728772,1570007982.7265122
436,-27.88607368790387,1570007985.7306454
437,-27.594058424920885,1570007988.7342536
438,-26.383854178174506,1570007991.7375305
439,-28.704555073157213,1570007994.7433035
440,-24.54950592796789,1570007997.745424
441,-26.526798452677802,1570008000.7479627
442,-25.591033276783165,1570008003.752145
443,-29.352493417069688,1570008006.7564023
444,-27.10194846619429,1570008009.7594147
445,-28.200843480852892,1570008012.7626216
446,-30.29782337463207,1570008015.764695
447,-26.771759097627644,1570008018.7681828
448,-29.590367441957824,1570008021.7711067
449,-26.897405189446783,1570008024.7753673
450,-29.6317925101162,1570008027.7785263
451,-27.870054438571973,1570008030.782054
452,-28.406747994203293,1570008033.7852309
453,-28.85391722614181,1570008036.7894971
454,-27.590543872086748,1570008039.7932043
455,-28.168294568988177,1570008042.7957718
456,-27.881570672065223,1570008045.7993932
457,-27.188643504423574,1570008048.8027823
458,-28.13166384948568,1570008051.8053486
459,-27.538908660448218,1570008054.809124
460,-28.09674692620451,1570008057.8132977
461,-25.41929533004451,1570008060.815327
462,-28.4115099811086,1570008063.8200645
463,-23.964334609421233,1570008066.8232427
464,-27.965237159583072,1570008069.8253937
465,-24.77915483754459,1570008072.8291585
466,-28.10734789047286,1570008075.8328376
467,-26.861589362234586,1570008078.8365746
468,-23.56953850436431,1570008081.839765
469,-28.619655484486994,1570008084.8423502
470,-27.407291560482335,1570008087.8459024
471,-26.538837008712125,1570008090.849653
472,-30.419524337520283,1570008093.8541834
473,-25.80024486001118,1570008096.858251
474,-25.23901304477207,1570008099.8616421
475,-19.107399332577742,1570008102.8651445
476,-25.757545838556506,1570008105.8686254
477,-26.307246079425536,1570008108.8720758
478,-26.838790953151573,1570008111.8756304
479,-30.056066986895832,1570008114.8794413
480,-26.43842942635077,1570008117.882179
481,-25.7665000062806,1570008120.8867915
482,-27.67347266893824,1570008123.8891847
483,-27.022692524503945,1570008126.8928444
484,-26.7618218216982,1570008129.8968325
485,-23.481766490441952,1570008132.8994908
486,-23.909314442141746,1570008135.9030082
487,-24.150611752632194,1570008138.9070196
488,-25.074397984727057,1570008141.9113104
489,-26.305998914931134,1570008144.915206
490,-27.642723297505437,1570008147.9191034
491,-27.046332832381612,1570008150.9229662
492,-27.192023704205287,1570008153.9263299
493,-27.070657142379986,1570008156.9288812
494,-27.00609460032173,1570008159.9317932
495,-23.824514604439624,1570008162.9358177
496,-24.013086051468516,1570008165.939464
497,-24.3868636413897,1570008168.9429243
498,-24.22194564600713,1570008171.9456685
499,-24.924081813191076,1570008174.9517944
500,-22.609075717395775,1570008177.9541276
501,-24.59401845784382,1570008180.959199
502,-25.071363806225186,1570008183.96244
503,-24.5173028592706,1570008186.9646888
504,-24.844766058675194,1570008189.9690037
505,-24.861199591224473,1570008192.9724808
506,-25.925662712068707,1570008195.9762108
507,-23.439923827205337,1570008198.9791396
508,-24.9952523031665,1570008201.9825804
509,-24.930224777903877,1570008204.984552
510,-26.46157587480285,1570008207.9887037
511,-18.409796695584614,1570008210.9917476
512,-24.56203040910798,1570008213.995786
513,-22.88010730939058,1570008216.9984899
514,-22.9738191691769,1570008220.0015512
515,-27.07574680944874,1570008223.0049877
516,-24.491698693293042,1570008226.0088344
517,-24.74429578751368,1570008229.0114574
518,-27.197320685392544,1570008232.0149043
519,-25.96181508469364,1570008235.016373
520,-25.360676721711574,1570008238.01982
521,-27.91122213030694,1570008241.0242267
522,-27.867808708805313,1570008244.0284674
523,-25.809898671720397,1570008247.0323682
524,-25.773417080263414,1570008250.0358117
525,-26.750910209778986,1570008253.0398152
526,-26.09418572004535,1570008256.0422208
527,-25.99811100923881,1570008259.0445962
528,-24.879590307845632,1570008262.0479755
529,-29.126609939300863,1570008265.05076
530,-27.182671719234815,1570008268.0539892
531,-25.724975807938137,1570008271.0587542
532,-26.512568725802346,1570008274.0621104
533,-32.71781540281904,1570008277.0660982
534,-24.812344493519568,1570008280.0694742
535,-23.203664291645282,1570008283.0717971
536,-26.71778260139001,1570008286.0752804
537,-30.207883521797136,1570008289.0787358
538,-28.497421537107535,1570008292.081273
539,-28.657588897399716,1570008295.0832107
540,-26.724155330202304,1570008298.0860014
541,-28.334760847957195,1570008301.0893283
542,-28.010269106709615,1570008304.0919192
543,-26.90110177941162,1570008307.0972435
544,-26.64768023578998,1570008310.0986688
545,-24.56580583312947,1570008313.1025884
546,-25.581233907773065,1570008316.104789
547,-26.55805223363599,1570008319.1081686
548,-26.50866031352483,1570008322.1114283
549,-24.129832856454062,1570008325.1160288
550,-23.73478111008028,1570008328.1189144
551,-26.89452851812989,1570008331.1225595
552,-27.630321122045803,1570008334.1276207
553,-24.961260192588384,1570008337.1313183
554,-20.311396786563193,1570008340.137727
555,-23.50359718972221,1570008343.13857
556,-23.817031730209912,1570008346.1446373
557,-20.01466081191322,1570008349.1468067
558,-21.392763241923628,1570008352.1532316
559,-24.082035435097882,1570008355.1564295
560,-24.12093309148199,1570008358.1611464
561,-26.93515393639996,1570008361.1673641
562,-22.888898563787162,1570008364.170398
563,-24.219040770880994,1570008367.1734695
564,-25.49012780960094,1570008370.1766644
565,-23.3961183663194,1570008373.1819527
566,-20.634022345084535,1570008376.186053
567,-24.89519558828217,1570008379.1894941
568,-27.11123435191754,1570008382.1958907
569,-25.61969555693648,1570008385.1992228
570,-26.497034618832537,1570008388.2036884
571,-25.833960993150857,1570008391.2070003
572,-26.690053642160475,1570008394.2105947
573,-29.4948158108727,1570008397.2145758
574,-26.405170326250758,1570008400.2193651
575,-26.463126616022134,1570008403.2225184
576,-27.379758791209024,1570008406.2272315
577,-27.841286396764755,1570008409.230724
578,-28.481549033737007,1570008412.2356145
579,-26.491448762951297,1570008415.2384012
580,-25.467535349053403,1570008418.242217
581,-28.187439722640658,1570008421.2468343
582,-26.99603021559414,1570008424.2505925
583,-26.949933179608816,1570008427.2542439
584,-28.415822127784327,1570008430.2580755
585,-27.359708760700922,1570008433.2619963
586,-25.421696889296516,1570008436.264992
587,-24.25625114790149,1570008439.2696197
588,-24.58718533137187,1570008442.2744598
589,-25.866545533030276,1570008446.280363
590,-23.612924169152336,1570008449.2849815
591,-28.228358204666062,1570008452.290446
592,-23.278525487433196,1570008455.2944689
593,-22.371751391984354,1570008458.2984293
594,-25.3448946142764,1570008461.3029063
595,-24.855742711673543,1570008464.3051696
596,-23.21728734089619,1570008467.3085024
597,-25.01760880841007,1570008470.3142958
598,-24.146358224150998,1570008473.3181415
599,-25.080914033759967,1570008476.3233452
600,-25.4208370968949,1570008479.327783
601,-23.82755074536972,1570008482.331926
602,-26.390317821954607,1570008485.3373053
603,-25.767364367739813,1570008488.3404343
604,-25.616355596330386,1570008491.347606
605,-26.542374848462256,1570008494.3505037
606,-25.869483073511184,1570008497.3535712
607,-28.075719204038023,1570008500.3565907
608,-27.95935062289852,1570008503.3591754
609,-25.884241954525613,1570008506.362653
610,-27.026001082855903,1570008509.3665478
611,-27.130947083659326,1570008512.370873
612,-22.796356837255264,1570008515.374661
613,-25.556062424233986,1570008518.3792176
614,-33.01671120064078,1570008521.3845959
615,-25.721771868612347,1570008524.386906
616,-25.871521874630794,1570008527.390208
617,-25.4440865482987,1570008530.3950565
618,-29.063393102340545,1570008533.3990529
619,-26.30127838302696,1570008536.402571
620,-25.738406848204804,1570008539.4065824
621,-25.577983968575854,1570008542.4100852
622,-26.120873679376466,1570008545.412284
623,-26.04999211252259,1570008548.415656
624,-30.064509460249162,1570008551.420424
625,-25.693115194017494,1570008554.4240882
626,-20.402983578915556,1570008557.4276168
627,-22.392732695140573,1570008560.4304082
628,-23.037463492985786,1570008563.434828
629,-23.0007701517963,1570008566.437608
630,-25.19557891822527,1570008569.441458
631,-24.726861554223934,1570008572.4448402
632,-23.927688406503453,1570008575.4483192
633,-24.501975278874912,1570008578.4528515
634,-24.798090834361485,1570008581.458847
635,-23.93033918607004,1570008584.4629502
636,-21.773598436141494,1570008587.4652307
637,-25.13355226724233,1570008590.468596
638,-28.210049381685494,1570008593.4710522
639,-24.485276867312844,1570008596.476049
640,-22.066486223638307,1570008599.478979
641,-26.32477303795837,1570008602.4815044
642,-27.269330827530197,1570008605.4842074
643,-25.802727859199706,1570008608.487359
644,-24.50003758130843,1570008611.4906018
645,-27.976715194390305,1570008614.4958055
646,-25.85540603165178,1570008617.4987383
647,-26.606499125614608,1570008620.503344
648,-28.064344662220957,1570008623.506115
649,-29.53835026063003,1570008626.509458
650,-25.684748260696658,1570008629.5136282
651,-26.325424247598146,1570008632.517802
652,-28.112373507136436,1570008635.5215402
653,-22.095934663562296,1570008638.5256283
654,-27.271940183197504,1570008641.5279946
655,-26.55855074736072,1570008644.530853
656,-26.11870493084909,1570008647.5343754
657,-26.46318291700169,1570008650.5375187
658,-29.1017231581796,1570008653.5399752
659,-27.04362548539467,1570008656.5435312
660,-25.412878565962494,1570008659.5463076
661,-26.396139146815536,1570008662.549519
662,-25.5003766041346,1570008665.5528944
663,-26.73824569577786,1570008668.5558167
664,-25.00634988110616,1570008671.5587597
665,-23.099629184565682,1570008674.5616517
666,-23.30971580364686,1570008677.5640466
667,-25.631612312086556,1570008680.5672417
668,-26.819193100771113,1570008683.569206
669,-24.41746058237079,1570008686.5722146
670,-25.869965848542467,1570008689.5751207
671,-25.047951028542006,1570008692.5776458
672,-25.696769694895657,1570008695.580857
673,-26.668505419659258,1570008698.584127
674,-24.969162172594725,1570008701.5875325
675,-25.414312915403492,1570008704.5904822
676,-25.121225389399847,1570008707.5925195
677,-25.966215886683898,1570008710.5941753
678,-25.560984016811418,1570008713.597144
679,-25.316470590312605,1570008716.600098
680,-27.465881711079373,1570008719.6040678
681,-22.75569259892381,1570008722.6057107
682,-24.07348669516838,1570008725.6091256
683,-25.45233109078241,1570008728.6143456
684,-23.95100130076298,1570008731.6169395
685,-23.168929580057736,1570008734.6205823
686,-22.11204578115085,1570008737.6250207
687,-23.794406607915985,1570008740.6270773
688,-27.227430573262776,1570008743.6303644
689,-23.327778444086725,1570008746.6336722
690,-24.094450978590412,1570008749.6360788
691,-23.169564249975107,1570008752.6392076
692,-22.33835247603461,1570008755.6438768
693,-24.810728325107437,1570008758.6504128
694,-27.145010002755594,1570008761.6533399
695,-27.587964503214728,1570008764.661113
696,-26.096971735035478,1570008767.6642845
697,-26.798388542127732,1570008770.6676514
698,-24.930550703224334,1570008773.66985
699,-26.49608924848891,1570008776.6732697
700,-25.34997772866278,1570008779.6763375
701,-25.059599287254777,1570008782.6803787
702,-25.142942071226297,1570008785.682921
703,-25.578965612822362,1570008788.6864645
704,-26.365349615556248,1570008791.6939244
705,-24.910332328004742,1570008794.696372
706,-26.759622138448254,1570008797.701355
707,-26.846226507306262,1570008800.7063098
708,-31.426460875771642,1570008803.71103
709,-30.422001774936533,1570008806.7185798
710,-30.453634890190436,1570008809.7236106
711,-30.20307824455189,1570008812.7283013
712,-29.598222710578085,1570008815.7324793
713,-36.15259808642122,1570008818.7379665
714,-21.857517793991782,1570008821.7432268
715,-28.9563553751544,1570008824.7498074
716,-28.315637217653947,1570008827.7552571
717,-30.076208592832067,1570008830.764488
718,-29.497493095913224,1570008833.7686946
719,-34.19142952976542,1570008836.7773376
720,-28.30466695446359,1570008839.7837842
721,-30.342454566153922,1570008842.7907314
722,-27.170529249342735,1570008845.7943711
723,-29.12522560471975,1570008848.7972436
724,-29.159885511529687,1570008851.8040237
725,-27.960594402581457,1570008854.80851
726,-28.351629130522554,1570008857.8133624
727,-27.811009365022976,1570008860.8183634
728,-26.99907404048319,1570008863.8230746
729,-28.00594715333872,1570008866.8293235
730,-25.898947703563124,1570008869.8358672
731,-26.37687569494645,1570008872.8408895
732,-22.56139863334319,1570008875.8482854
733,-29.064461758610513,1570008878.856233
734,-29.937744264279196,1570008881.8616252
735,-27.53856563920038,1570008884.8673398
736,-26.3214177386332,1570008887.8737068
737,-28.707964637526054,1570008890.8784957
738,-29.288840525381424,1570008893.8830955
739,-27.51296582548162,1570008896.8887792
740,-28.0481265182163,1570008899.893928
741,-26.68886443848926,1570008902.9010003
742,-25.744918539052616,1570008905.907832
743,-24.44483331312988,1570008908.912505
744,-25.612733981221304,1570008911.9193764
745,-25.173247049642583,1570008914.933053
746,-28.77735621661091,1570008917.9362328
747,-26.85705121516178,1570008920.9398715
748,-30.190670275320485,1570008923.9461179
749,-27.04855185824442,1570008926.9494224
750,-28.07089618504206,1570008929.9549847
751,-28.87084682504051,1570008932.9661553
752,-28.073490534058134,1570008935.96983
753,-27.69923465433466,1570008938.9732015
754,-26.42162074737242,1570008941.9801593
755,-29.35679544482732,1570008944.9857874
756,-27.919812424909548,1570008947.9930208
757,-22.652680719977372,1570008951.0006328
758,-24.1500406926871,1570008954.0092623
759,-28.19618841027721,1570008957.0123434
760,-26.84638055636077,1570008960.0202408
761,-26.950927534145986,1570008963.025457
762,-24.874532836813945,1570008966.032369
763,-28.291825833694453,1570008969.0410607
764,-27.36725794868479,1570008972.046098
765,-28.885132741494267,1570008975.0508995
766,-30.44725041980113,1570008978.0558102
767,-27.112150124582392,1570008981.0626502
768,-28.31841994312689,1570008984.0660496
769,-28.046078664290732,1570008987.0716956
770,-27.533363886608175,1570008990.0798614
771,-26.553584922527047,1570008993.0819464
772,-25.211544092989993,1570008996.0877962
773,-27.10203586745048,1570008999.0926986
774,-29.173577854962193,1570009002.0981166
775,-25.745810898812913,1570009005.101671
776,-28.408033377107447,1570009008.110003
777,-25.55639348175876,1570009011.1143942
